0 0.0100 0.5310 0.0425 0.0075
0 0.0362 0.4934 0.0125 0.0131
0 0.0462 0.5103 0.0325 0.0131
0 0.0762 0.5535 0.0213 0.0169
0 0.0912 0.5066 0.0100 0.0169
0 0.1437 0.5272 0.0175 0.0244
0 0.1437 0.5084 0.0188 0.0206
0 0.1550 0.6135 0.0312 0.0131
0 0.1588 0.5028 0.0162 0.0169
0 0.1613 0.5310 0.0275 0.0150
0 0.2062 0.5366 0.0175 0.0169
0 0.2188 0.5178 0.0050 0.0131
0 0.2313 0.5253 0.0287 0.0131
0 0.2338 0.5028 0.0212 0.0113
0 0.2338 0.5178 0.0325 0.0113
0 0.2750 0.5028 0.0162 0.0188
0 0.2863 0.5253 0.0425 0.0375
0 0.3075 0.5704 0.0262 0.0131
0 0.3250 0.5422 0.0187 0.0225
0 0.3550 0.5272 0.0212 0.0056
0 0.3750 0.5441 0.0162 0.0188
0 0.4000 0.5516 0.0175 0.0150
0 0.4075 0.5009 0.0213 0.0131
0 0.4075 0.5366 0.0312 0.0169
0 0.4487 0.5253 0.0163 0.0131
0 0.4700 0.5328 0.0125 0.0150
0 0.4863 0.5235 0.0175 0.0075
0 0.5212 0.5216 0.0238 0.0169
0 0.5288 0.5797 0.0350 0.0319
0 0.5437 0.5216 0.0188 0.0131
0 0.5537 0.4991 0.0162 0.0206
0 0.5650 0.5235 0.0213 0.0094
0 0.5837 0.5122 0.0175 0.0206
