0 0.0000 0.4882 0.1981 0.2145
0 0.0006 0.1336 0.2650 0.8655
0 0.0037 0.1411 0.1712 0.5033
0 0.0175 0.6425 0.2356 0.3208
0 0.3837 0.5042 0.0331 0.0151
0 0.3975 0.6896 0.4306 0.3095
0 0.4069 0.4440 0.0425 0.0969
0 0.4181 0.5042 0.0325 0.0263
0 0.4481 0.5005 0.0438 0.0536
0 0.4556 0.5080 0.0306 0.0310
0 0.4913 0.5118 0.0206 0.0310
0 0.5162 0.0103 0.4725 0.9887
0 0.5225 0.4713 0.0306 0.0828
0 0.5250 0.5042 0.0294 0.0320
0 0.5531 0.4901 0.0369 0.0771
0 0.5594 0.5042 0.0256 0.0386
0 0.5900 0.5005 0.0269 0.0339
0 0.6206 0.5005 0.0244 0.0386
0 0.6225 0.4882 0.0175 0.0677
0 0.6462 0.5005 0.0300 0.0339
0 0.6913 0.5193 0.0363 0.0310
0 0.6994 0.5005 0.0456 0.0555
0 0.7181 0.5042 0.0331 0.0405
0 0.7488 0.4958 0.0475 0.0433
0 0.7963 0.4939 0.0594 0.0527
0 0.8300 0.4958 0.0500 0.0583
0 0.8525 0.4958 0.0300 0.0452
0 0.8656 0.5851 0.1338 0.1157
0 0.8769 0.5230 0.1225 0.0696
0 0.8794 0.5193 0.0387 0.0273
0 0.9169 0.6811 0.0825 0.1778
