0 0.0000 0.4142 0.0469 0.0458
0 0.0000 0.4700 0.1037 0.0400
0 0.0000 0.4975 0.1325 0.0592
0 0.0938 0.4567 0.0875 0.0308
0 0.1106 0.5358 0.1444 0.0483
0 0.1906 0.4633 0.1094 0.0417
0 0.2100 0.5050 0.1575 0.0425
0 0.2537 0.4842 0.1444 0.0442
0 0.2744 0.5767 0.0931 0.0758
0 0.3775 0.4750 0.1188 0.0400
0 0.3906 0.4050 0.1200 0.0517
0 0.4512 0.5942 0.1187 0.1033
0 0.4713 0.0242 0.4813 0.5250
0 0.6088 0.5975 0.1369 0.1433
0 0.6125 0.4325 0.0106 0.0133
0 0.7562 0.4733 0.1650 0.2675
0 0.8063 0.4183 0.1112 0.0350
0 0.8275 0.4325 0.1719 0.0925
0 0.8856 0.7058 0.0800 0.0517
