0 0.0000 0.6363 0.4813 0.0708
0 0.0063 0.7017 0.0125 0.0118
0 0.0319 0.7039 0.0125 0.0204
0 0.0394 0.7017 0.0169 0.0204
0 0.0456 0.7350 0.0412 0.0182
0 0.0469 0.7242 0.0412 0.0354
0 0.0600 0.7039 0.0125 0.0161
0 0.0831 0.7479 0.0431 0.0182
0 0.0894 0.7489 0.0331 0.0107
0 0.0956 0.7017 0.0387 0.0333
0 0.1019 0.6255 0.0794 0.2521
0 0.1200 0.6427 0.0356 0.0966
0 0.1469 0.6320 0.0644 0.1717
0 0.1725 0.6470 0.0206 0.1009
0 0.3187 0.7200 0.0219 0.0086
0 0.3212 0.6824 0.0206 0.0461
0 0.3431 0.6599 0.0331 0.1062
0 0.3469 0.7479 0.0356 0.0418
0 0.3481 0.7639 0.0681 0.0547
0 0.4188 0.7951 0.1163 0.0976
0 0.4363 0.7039 0.0387 0.0268
0 0.4619 0.7285 0.0413 0.0193
0 0.4662 0.7178 0.0319 0.0279
0 0.5419 0.7242 0.0150 0.0172
0 0.5444 0.7242 0.0175 0.0236
0 0.6019 0.7639 0.0719 0.0397
0 0.6737 0.7039 0.0244 0.0376
0 0.6763 0.7242 0.0206 0.0215
0 0.6875 0.5043 0.3087 0.2221
0 0.6900 0.6384 0.0338 0.1073
0 0.6913 0.7242 0.0281 0.0290
0 0.7531 0.7178 0.0419 0.0172
0 0.7569 0.7221 0.0344 0.0215
0 0.7750 0.5440 0.0756 0.2854
0 0.7812 0.6609 0.0650 0.1556
0 0.8681 0.7457 0.0463 0.0225
0 0.8694 0.7200 0.0437 0.0440
