0 0.0000 0.5448 0.0751 0.0824
0 0.0369 0.5251 0.1120 0.1111
0 0.2530 0.4749 0.0567 0.0771
0 0.3636 0.4624 0.0804 0.0699
0 0.4071 0.4552 0.0553 0.0412
0 0.4506 0.4355 0.0356 0.0681
0 0.4585 0.4247 0.0949 0.0735
0 0.5389 0.4731 0.2582 0.1022
0 0.5468 0.4194 0.0540 0.0412
0 0.6258 0.4140 0.0685 0.0627
0 0.6983 0.4014 0.0567 0.0699
0 0.7905 0.5323 0.0685 0.0896
0 0.7918 0.5430 0.2069 0.1953
0 0.8327 0.4839 0.0817 0.0681
0 0.8366 0.3978 0.0474 0.0430
0 0.9117 0.4158 0.0435 0.0376
0 0.9236 0.3835 0.0448 0.0394
