0 0.1644 0.3471 0.1337 0.1839
0 0.1156 0.1735 0.0537 0.0300
0 0.2112 0.3462 0.0688 0.0244
0 0.3400 0.2542 0.0344 0.0263
0 0.3412 0.3039 0.0869 0.0460
0 0.4744 0.1229 0.0100 0.0075
0 0.5269 0.0075 0.0244 0.0094
0 0.5644 0.1351 0.0306 0.0150
0 0.5719 0.1116 0.1219 0.1266
0 0.6438 0.2889 0.0662 0.0385
0 0.7181 0.1670 0.0100 0.0141
0 0.7206 0.3002 0.0956 0.0769
0 0.7344 0.1595 0.0062 0.0094
0 0.7356 0.2542 0.0606 0.0281
0 0.7894 0.1792 0.0769 0.0441
0 0.8050 0.0901 0.0100 0.0197
0 0.8488 0.8443 0.0625 0.0844
0 0.8550 0.1079 0.0038 0.0075
0 0.9000 0.4118 0.0894 0.1191
0 0.9675 0.0478 0.0094 0.0141
