0 0.0000 0.5350 0.1144 0.0600
0 0.0000 0.4067 0.2112 0.1758
0 0.0000 0.5708 0.5225 0.2983
0 0.0000 0.8283 0.9994 0.1708
0 0.1725 0.4825 0.0738 0.0733
0 0.2231 0.4750 0.0462 0.0742
0 0.2787 0.4267 0.1831 0.0450
0 0.2956 0.5117 0.0375 0.0100
0 0.3175 0.4683 0.0294 0.0058
0 0.3588 0.4392 0.0463 0.0358
0 0.4594 0.4425 0.0231 0.0142
0 0.4813 0.4425 0.0219 0.0158
0 0.5100 0.4583 0.0644 0.0175
0 0.5225 0.4392 0.0206 0.0142
0 0.6181 0.4192 0.1394 0.0642
0 0.7562 0.4958 0.0637 0.0158
0 0.8275 0.4008 0.1719 0.1050
0 0.9194 0.4667 0.0800 0.0417
0 0.9663 0.4667 0.0331 0.0625
