0 0.2264 0.4339 0.1895 0.1580
0 0.0000 0.9138 0.2689 0.0848
0 0.0000 0.6954 0.3364 0.2716
0 0.0000 0.7170 0.3494 0.1293
0 0.0000 0.3592 0.9991 0.3376
0 0.0166 0.4497 0.0776 0.0603
0 0.0203 0.3606 0.1738 0.2155
0 0.0213 0.4066 0.0536 0.0690
0 0.0277 0.6264 0.3632 0.1738
0 0.0878 0.3966 0.0129 0.0273
0 0.1081 0.4109 0.0213 0.0187
0 0.1165 0.3592 0.0619 0.1149
0 0.1340 0.4037 0.0092 0.0129
0 0.1553 0.4009 0.0157 0.0187
0 0.1747 0.4066 0.0120 0.0187
0 0.1941 0.3951 0.0157 0.0158
0 0.1996 0.4239 0.0749 0.0359
0 0.2070 0.4713 0.0490 0.0891
0 0.2237 0.3951 0.0444 0.0244
0 0.2671 0.3937 0.0360 0.0819
0 0.3586 0.6250 0.1599 0.1092
0 0.3863 0.4684 0.0259 0.0417
0 0.5222 0.6207 0.1072 0.0805
0 0.6035 0.6164 0.1377 0.0934
0 0.6506 0.6135 0.1756 0.0905
