0 0.0017 0.4978 0.0100 0.0233
0 0.0142 0.4967 0.0183 0.0211
0 0.0467 0.4789 0.0133 0.0422
0 0.0575 0.4856 0.0375 0.0244
0 0.1033 0.4811 0.0183 0.0256
0 0.1225 0.4700 0.0408 0.0356
0 0.1733 0.4578 0.0692 0.0456
0 0.2583 0.7867 0.3100 0.2122
0 0.2667 0.4700 0.0450 0.0267
0 0.3317 0.4600 0.0417 0.0256
0 0.3900 0.4544 0.0567 0.0278
0 0.4533 0.7544 0.3408 0.2444
0 0.5550 0.4222 0.0283 0.0233
0 0.6250 0.7233 0.3175 0.2756
0 0.6983 0.4689 0.0483 0.0133
0 0.7242 0.6900 0.2750 0.2767
0 0.7508 0.4444 0.0600 0.0411
0 0.8042 0.6667 0.1950 0.1522
0 0.9700 0.6667 0.0292 0.0978
