0 0.2219 0.4292 0.2762 0.1283
0 0.0000 0.6458 0.0512 0.0192
0 0.0000 0.6975 0.0525 0.0242
0 0.0000 0.7400 0.0744 0.0192
0 0.0000 0.0000 0.9994 0.8225
0 0.0488 0.7042 0.2037 0.0775
0 0.0794 0.6283 0.1388 0.0383
0 0.1325 0.6408 0.1256 0.0550
0 0.2000 0.6442 0.0981 0.0550
0 0.2419 0.0342 0.2487 0.5250
0 0.2437 0.7900 0.1150 0.0367
0 0.2644 0.7267 0.1875 0.0258
0 0.4412 0.7267 0.0469 0.0158
0 0.4531 0.6492 0.0400 0.0208
0 0.4750 0.7200 0.2263 0.0408
0 0.4863 0.0833 0.2231 0.4908
0 0.4906 0.6042 0.2194 0.0517
0 0.5138 0.6167 0.1681 0.0567
0 0.6737 0.6233 0.1588 0.0375
0 0.6744 0.0000 0.2131 0.5708
0 0.7037 0.7350 0.0981 0.0400
0 0.7163 0.7658 0.0800 0.0400
0 0.7344 0.7267 0.1344 0.0133
0 0.8156 0.7042 0.1125 0.0308
0 0.9050 0.7108 0.0606 0.0575
0 0.9500 0.7058 0.0481 0.0433
0 0.9544 0.7658 0.0450 0.0483
