0 0.0117 0.5687 0.1172 0.0990
0 0.0977 0.4927 0.0805 0.0646
0 0.2086 0.4896 0.0414 0.0521
0 0.2734 0.5781 0.1406 0.0708
0 0.2930 0.5115 0.0508 0.0646
0 0.4141 0.4927 0.0609 0.0521
0 0.5258 0.5115 0.0602 0.0719
0 0.5492 0.4875 0.0430 0.0604
0 0.6391 0.5635 0.1977 0.1167
0 0.7328 0.4958 0.0484 0.0229
0 0.7812 0.4771 0.0414 0.0438
0 0.7852 0.5167 0.0953 0.0438
0 0.8031 0.5833 0.1852 0.1094
0 0.8883 0.5417 0.0945 0.0635
0 0.8930 0.5104 0.0508 0.0292
0 0.9219 0.5292 0.0563 0.0292
0 0.9234 0.5062 0.0414 0.0208
