0 0.1900 0.6468 0.1400 0.0985
0 0.0000 0.7491 0.0800 0.1747
0 0.1062 0.6970 0.0425 0.0446
0 0.1313 0.8197 0.0713 0.0539
0 0.1375 0.7491 0.0675 0.0576
0 0.1675 0.6952 0.2487 0.3030
0 0.2013 0.7026 0.0700 0.1115
0 0.2200 0.7770 0.0487 0.0948
0 0.3262 0.6431 0.2100 0.3420
0 0.3588 0.6636 0.0750 0.0725
0 0.4300 0.6933 0.1213 0.0558
0 0.4487 0.7082 0.0687 0.1041
0 0.5025 0.5539 0.1950 0.1654
0 0.5100 0.6840 0.0650 0.0651
0 0.5375 0.8197 0.2063 0.0799
0 0.5713 0.5781 0.0912 0.2138
0 0.5750 0.8401 0.1688 0.0576
0 0.6438 0.7156 0.0862 0.0669
0 0.6963 0.7379 0.1675 0.0911
0 0.7350 0.5465 0.0825 0.1933
0 0.7412 0.6617 0.1225 0.0558
0 0.8775 0.6301 0.1213 0.1022
0 0.9137 0.6431 0.0850 0.1524
