0 0.1102 0.3635 0.0609 0.0510
0 0.1359 0.3688 0.0508 0.0417
0 0.1672 0.3708 0.0367 0.0333
0 0.1766 0.5521 0.2125 0.1115
0 0.2289 0.3448 0.0438 0.0469
0 0.2641 0.3531 0.0508 0.0417
0 0.3312 0.3563 0.1242 0.1260
0 0.3523 0.6198 0.0648 0.0594
0 0.3992 0.4010 0.0367 0.1750
0 0.4125 0.6010 0.0703 0.0896
0 0.4359 0.4010 0.0398 0.1781
0 0.4641 0.4479 0.0344 0.0396
0 0.4711 0.6385 0.0555 0.0625
0 0.4711 0.3573 0.0570 0.2458
0 0.4906 0.3208 0.0438 0.1302
0 0.4914 0.4406 0.0344 0.0490
0 0.5164 0.4510 0.0312 0.0365
0 0.5477 0.4552 0.0289 0.0344
0 0.5766 0.3958 0.0477 0.0729
0 0.5789 0.2938 0.0469 0.0323
0 0.6750 0.3375 0.1500 0.4313
0 0.7836 0.3406 0.0711 0.1240
0 0.7992 0.3667 0.2000 0.4677
0 0.9445 0.3667 0.0547 0.1656
