0 0.0950 0.7246 0.0831 0.0976
0 0.0775 0.4583 0.0538 0.2896
0 0.1412 0.6291 0.0488 0.0539
0 0.1800 0.6646 0.0394 0.0732
0 0.1975 0.5793 0.0594 0.0833
0 0.2025 0.6504 0.0244 0.0163
0 0.2156 0.6961 0.0719 0.0996
0 0.2825 0.7378 0.0444 0.0620
0 0.3269 0.7144 0.0487 0.0630
0 0.3950 0.6128 0.0137 0.0122
0 0.5881 0.5996 0.0169 0.0173
0 0.6038 0.6169 0.0375 0.0376
0 0.6075 0.5996 0.0269 0.0254
0 0.6488 0.5996 0.0150 0.0376
0 0.6637 0.6230 0.0450 0.0274
0 0.7612 0.6545 0.0619 0.0285
0 0.9319 0.6585 0.0675 0.0600
