0 0.0000 0.4075 0.0294 0.0479
0 0.0063 0.4789 0.0331 0.0263
0 0.0138 0.3746 0.0938 0.0770
0 0.0344 0.5362 0.2000 0.0826
0 0.0563 0.4516 0.0550 0.0207
0 0.0650 0.4742 0.0281 0.0178
0 0.0894 0.4704 0.0513 0.0197
0 0.0906 0.5728 0.1731 0.0554
0 0.1163 0.5362 0.2475 0.1352
0 0.1394 0.5859 0.1144 0.0310
0 0.1550 0.6366 0.2344 0.0939
0 0.1931 0.4441 0.0181 0.0094
0 0.1994 0.3887 0.1219 0.0554
0 0.2112 0.5728 0.2894 0.1756
0 0.2294 0.4441 0.0369 0.0150
0 0.3406 0.3831 0.0562 0.0638
0 0.3575 0.4423 0.0419 0.0254
0 0.3688 0.5690 0.3831 0.2864
0 0.3956 0.3324 0.1050 0.1502
0 0.4750 0.3437 0.0806 0.1465
0 0.4775 0.5080 0.0606 0.0404
0 0.5250 0.3362 0.0988 0.1380
0 0.5469 0.5362 0.0900 0.0516
0 0.5506 0.4592 0.0550 0.0329
0 0.5687 0.7061 0.3063 0.1662
0 0.6138 0.5455 0.0713 0.0498
0 0.6138 0.4188 0.2331 0.0864
0 0.6262 0.3324 0.2488 0.1540
0 0.6419 0.7869 0.2769 0.1540
0 0.8544 0.5568 0.1450 0.2216
0 0.8581 0.3746 0.0500 0.0845
0 0.8919 0.5183 0.0613 0.0535
0 0.9044 0.3737 0.0950 0.0864
0 0.9700 0.4300 0.0294 0.1324
