0 0.0000 0.5866 0.0213 0.0431
0 0.0000 0.6911 0.0238 0.0726
0 0.0000 0.6257 0.0631 0.0295
0 0.0013 0.6552 0.0175 0.0192
0 0.0069 0.2777 0.0094 0.0088
0 0.0225 0.5810 0.0325 0.0239
0 0.0244 0.2171 0.0069 0.0088
0 0.0269 0.2706 0.0081 0.0088
0 0.0269 0.6089 0.0431 0.0271
0 0.0644 0.5866 0.0537 0.0375
0 0.1094 0.2275 0.0038 0.0056
0 0.1094 0.2051 0.0050 0.0088
0 0.1156 0.2721 0.0069 0.0072
0 0.1469 0.2275 0.0069 0.0056
0 0.1600 0.2530 0.0094 0.0072
0 0.1750 0.2067 0.0044 0.0072
0 0.1969 0.2482 0.0188 0.0088
0 0.2156 0.2514 0.0106 0.0032
0 0.2319 0.2067 0.0106 0.0072
0 0.2344 0.2139 0.0056 0.0032
0 0.2369 0.2418 0.0069 0.0064
0 0.2400 0.2275 0.0050 0.0040
0 0.2450 0.2546 0.0025 0.0048
0 0.2587 0.2203 0.0081 0.0072
0 0.2625 0.2346 0.0081 0.0032
0 0.2744 0.2530 0.0056 0.0064
0 0.3069 0.1995 0.0106 0.0255
0 0.3162 0.7534 0.0069 0.0375
0 0.3337 0.7119 0.0231 0.0623
0 0.3444 0.2650 0.0094 0.0104
0 0.3619 0.2370 0.0094 0.0040
0 0.3631 0.7071 0.0244 0.0527
0 0.4062 0.7358 0.0231 0.0208
0 0.4387 0.2322 0.0044 0.0064
0 0.4537 0.1979 0.0050 0.0048
0 0.4644 0.1804 0.0044 0.0032
0 0.4644 0.6911 0.0125 0.0208
0 0.4769 0.6297 0.0269 0.0854
0 0.4925 0.6209 0.0369 0.0894
0 0.4988 0.5251 0.1231 0.0918
0 0.5181 0.7103 0.0094 0.0104
0 0.5194 0.1907 0.0056 0.0032
0 0.5200 0.4565 0.0606 0.0303
0 0.5344 0.6688 0.0175 0.0279
0 0.5519 0.6313 0.0300 0.0463
0 0.5544 0.2474 0.0275 0.0535
0 0.5681 0.6744 0.0150 0.0168
0 0.5913 0.4765 0.0606 0.0295
0 0.6369 0.2506 0.0444 0.0551
0 0.6531 0.3057 0.0131 0.0128
0 0.6656 0.2554 0.0106 0.0088
0 0.6694 0.4972 0.0756 0.0327
0 0.7338 0.2698 0.0069 0.0223
0 0.7419 0.2219 0.0056 0.0048
0 0.7419 0.2099 0.0069 0.0048
0 0.7688 0.2857 0.0137 0.0271
0 0.7756 0.2338 0.0106 0.0168
0 0.8000 0.2905 0.0200 0.0048
0 0.8063 0.2953 0.0137 0.0327
0 0.8163 0.5347 0.0375 0.0399
0 0.8281 0.2921 0.0106 0.0279
0 0.8319 0.2474 0.0069 0.0208
0 0.8375 0.3336 0.0081 0.0104
0 0.8481 0.2953 0.0081 0.0088
0 0.8550 0.2530 0.0094 0.0239
0 0.8575 0.3144 0.0162 0.0088
0 0.8669 0.2785 0.0056 0.0032
0 0.8862 0.3440 0.0050 0.0088
0 0.8969 0.2410 0.0094 0.0120
0 0.9119 0.3128 0.0050 0.0152
0 0.9319 0.2857 0.0106 0.0271
0 0.9319 0.3352 0.0212 0.0327
0 0.9337 0.2642 0.0106 0.0168
0 0.9387 0.3264 0.0131 0.0120
0 0.9481 0.2985 0.0069 0.0048
0 0.9494 0.2586 0.0112 0.0120
0 0.9550 0.2306 0.0106 0.0104
0 0.9575 0.3232 0.0212 0.0375
0 0.9600 0.2753 0.0106 0.0200
0 0.9869 0.3216 0.0125 0.0088
0 0.9925 0.3575 0.0069 0.0104
0 0.9962 0.2682 0.0031 0.0208
0 0.9962 0.3336 0.0031 0.0032
