0 0.1049 0.4640 0.0285 0.0535
0 0.1312 0.3529 0.0378 0.1924
0 0.2600 0.4794 0.0100 0.0319
0 0.2731 0.4815 0.0116 0.0329
0 0.2832 0.4763 0.0116 0.0360
0 0.3079 0.4866 0.0093 0.0206
0 0.3410 0.4949 0.0193 0.0247
0 0.3434 0.2068 0.3465 0.3868
0 0.4213 0.4866 0.0270 0.0360
0 0.4437 0.4887 0.0309 0.0329
0 0.4745 0.4866 0.0208 0.0350
0 0.4900 0.4887 0.0355 0.0329
0 0.7222 0.4969 0.0193 0.0247
0 0.7531 0.4794 0.0193 0.0401
0 0.7701 0.4763 0.0147 0.0432
0 0.7793 0.4877 0.0139 0.0350
0 0.7894 0.4897 0.0185 0.0340
0 0.8387 0.4979 0.0239 0.0257
0 0.8951 0.4959 0.0247 0.0370
0 0.9591 0.5123 0.0100 0.0154
