0 0.0000 0.5056 0.0737 0.1233
0 0.0000 0.6700 0.1519 0.2344
0 0.0381 0.1467 0.1713 0.5622
0 0.0456 0.1100 0.0681 0.5078
0 0.0944 0.6678 0.1588 0.1167
0 0.1044 0.1411 0.0963 0.4244
0 0.1456 0.1256 0.1319 0.5533
0 0.1750 0.8622 0.1369 0.1367
0 0.2006 0.6744 0.0988 0.0933
0 0.2288 0.9311 0.0881 0.0678
0 0.2581 0.1011 0.0719 0.4778
0 0.6350 0.7211 0.1269 0.1556
0 0.6531 0.4989 0.0538 0.1711
0 0.6544 0.5056 0.1244 0.1189
0 0.7013 0.7578 0.2244 0.2100
0 0.7156 0.6044 0.1413 0.1233
0 0.7488 0.4833 0.1350 0.0733
0 0.7875 0.6122 0.1356 0.1344
0 0.8669 0.6256 0.1256 0.1733
0 0.9038 0.5156 0.0731 0.1022
0 0.9563 0.6433 0.0431 0.1389
