0 0.0225 0.8959 0.0394 0.0665
0 0.2913 0.7951 0.0425 0.1073
0 0.3337 0.7843 0.0600 0.1298
0 0.3644 0.7264 0.0781 0.2092
0 0.4206 0.7800 0.0437 0.1277
0 0.4544 0.7704 0.0369 0.1395
0 0.5094 0.8197 0.0344 0.0880
0 0.5325 0.7994 0.0381 0.1127
0 0.5450 0.7843 0.0644 0.1470
0 0.5887 0.7049 0.0563 0.2242
0 0.6350 0.8219 0.0356 0.0826
0 0.6538 0.7994 0.0437 0.1105
0 0.6950 0.8326 0.0475 0.0751
0 0.7619 0.8283 0.0356 0.0815
0 0.7719 0.7822 0.0644 0.1255
0 0.7994 0.6459 0.1119 0.3294
0 0.8363 0.7006 0.0956 0.2264
0 0.9794 0.8873 0.0200 0.0461
