0 0.0000 0.4126 0.0537 0.0263
0 0.0000 0.4972 0.0550 0.0423
0 0.0219 0.5160 0.1394 0.0526
0 0.0462 0.4511 0.0869 0.0367
0 0.0744 0.7566 0.0125 0.0244
0 0.0788 0.6353 0.0344 0.0423
0 0.1113 0.3947 0.0550 0.0385
0 0.1169 0.4586 0.0881 0.0348
0 0.1331 0.2641 0.0119 0.0226
0 0.2194 0.4088 0.0600 0.0207
0 0.2306 0.4239 0.0656 0.0404
0 0.2619 0.6776 0.0662 0.0423
0 0.3000 0.4276 0.0475 0.0329
0 0.3337 0.7312 0.0869 0.0601
0 0.3500 0.4680 0.0856 0.0348
0 0.3625 0.4182 0.0281 0.0423
0 0.3919 0.4220 0.0281 0.0291
0 0.4100 0.1927 0.0269 0.0150
0 0.4469 0.4164 0.0569 0.0244
0 0.4475 0.6889 0.0844 0.0273
0 0.4562 0.8947 0.0744 0.0602
0 0.4756 0.2002 0.0200 0.0141
0 0.4875 0.7199 0.1063 0.0207
0 0.4969 0.6250 0.1044 0.0414
0 0.5025 0.2002 0.0213 0.0122
0 0.5050 0.7585 0.0731 0.0188
0 0.5138 0.4201 0.0525 0.0291
0 0.5181 0.8853 0.0769 0.0348
0 0.5212 0.4840 0.0875 0.0461
0 0.5625 0.2754 0.0381 0.0235
0 0.5819 0.1983 0.0150 0.0141
0 0.5856 0.8816 0.0988 0.0348
0 0.5944 0.2791 0.0363 0.0235
0 0.5969 0.4107 0.0512 0.0282
0 0.5994 0.3008 0.0450 0.0273
0 0.6331 0.3318 0.0444 0.0207
0 0.6669 0.9126 0.1050 0.0385
0 0.6694 0.7660 0.1212 0.0310
0 0.6713 0.2773 0.0387 0.0160
0 0.6744 0.7199 0.1113 0.0188
0 0.6787 0.2641 0.0312 0.0169
0 0.6881 0.2002 0.0344 0.0179
0 0.6969 0.4314 0.0563 0.0404
0 0.6994 0.2773 0.0400 0.0254
0 0.7113 0.4868 0.0731 0.0461
0 0.7163 0.3008 0.0381 0.0291
0 0.7356 0.8581 0.1462 0.0508
0 0.7544 0.2895 0.0350 0.0244
0 0.7588 0.2641 0.0356 0.0207
0 0.8100 0.2622 0.0369 0.0329
0 0.8237 0.2566 0.0194 0.0169
0 0.8394 0.3101 0.0613 0.0329
0 0.8469 0.2970 0.0387 0.0113
0 0.8662 0.7622 0.0388 0.0273
0 0.8712 0.2829 0.0731 0.0423
0 0.9231 0.7021 0.0444 0.0291
0 0.9663 0.2039 0.0331 0.0329
