0 0.0000 0.0000 0.6206 0.9992
0 0.0350 0.7408 0.0194 0.0208
0 0.0506 0.7500 0.0206 0.0117
0 0.0663 0.7583 0.0462 0.0192
0 0.1462 0.7325 0.0425 0.0417
0 0.3412 0.7167 0.0338 0.0450
0 0.3925 0.7100 0.0237 0.0125
0 0.4138 0.6967 0.0912 0.0458
0 0.4394 0.7517 0.0388 0.0083
0 0.4675 0.7425 0.0637 0.0575
0 0.5088 0.7033 0.0169 0.0117
0 0.5919 0.6742 0.0269 0.0358
0 0.5981 0.7517 0.0206 0.0183
0 0.8731 0.7600 0.0787 0.0158
0 0.8769 0.6742 0.0275 0.0017
0 0.8912 0.6925 0.0350 0.0283
0 0.9156 0.6775 0.0300 0.0017
0 0.9600 0.6667 0.0269 0.0075
0 0.9700 0.6550 0.0169 0.0142
