0 0.1663 0.2950 0.1594 0.0933
0 0.0000 0.2383 0.0131 0.0358
0 0.1831 0.1575 0.0650 0.0367
0 0.2425 0.1650 0.0544 0.0308
0 0.3862 0.3117 0.1150 0.0450
0 0.3937 0.1650 0.0581 0.0158
0 0.4275 0.2308 0.0350 0.0433
0 0.4500 0.1258 0.0287 0.0167
0 0.4569 0.2083 0.0263 0.0225
0 0.4612 0.2308 0.0375 0.0392
0 0.4969 0.1325 0.0131 0.0133
0 0.5038 0.1858 0.0169 0.0158
0 0.5100 0.2033 0.0437 0.0292
0 0.5500 0.2208 0.0231 0.0200
0 0.5800 0.1667 0.0169 0.0192
0 0.6288 0.1967 0.0375 0.0275
0 0.6325 0.1392 0.1100 0.0400
0 0.6406 0.2183 0.0294 0.0283
0 0.6881 0.1842 0.0581 0.0417
0 0.7438 0.1792 0.0569 0.0550
0 0.8175 0.2067 0.0269 0.0308
0 0.8375 0.2167 0.0494 0.0375
0 0.8688 0.2250 0.0375 0.0308
