0 0.0000 0.0000 0.3175 0.1858
0 0.0563 0.3250 0.0481 0.0317
0 0.1494 0.3167 0.0837 0.0417
0 0.2694 0.3275 0.0831 0.0358
0 0.2944 0.2500 0.0900 0.0633
0 0.3431 0.3342 0.0700 0.0483
0 0.4350 0.2617 0.0669 0.0583
0 0.4350 0.2017 0.0800 0.0742
0 0.4387 0.3375 0.0619 0.0517
0 0.4675 0.4492 0.3731 0.1192
0 0.4969 0.3533 0.0544 0.0442
0 0.5294 0.2242 0.0512 0.0167
0 0.5681 0.3325 0.0863 0.0775
0 0.5950 0.2550 0.0894 0.0808
0 0.5975 0.2308 0.0594 0.0533
0 0.6787 0.2100 0.0663 0.0808
0 0.7331 0.3733 0.0469 0.0467
0 0.7913 0.2342 0.0569 0.0742
0 0.8175 0.2992 0.0513 0.0500
0 0.8250 0.3750 0.0863 0.0658
0 0.8938 0.2717 0.0369 0.0350
0 0.9363 0.2925 0.0581 0.0792
0 0.9694 0.2408 0.0300 0.0725
