0 0.4356 0.5206 0.0681 0.0745
0 0.0000 0.3982 0.0200 0.0801
0 0.0000 0.5962 0.0219 0.0745
0 0.0294 0.4082 0.0163 0.0745
0 0.0512 0.4149 0.0125 0.0567
0 0.0650 0.4260 0.0156 0.0478
0 0.0869 0.4116 0.0219 0.0679
0 0.1069 0.5551 0.0331 0.0311
0 0.1406 0.4116 0.0206 0.0612
0 0.1931 0.4027 0.0194 0.0701
0 0.2175 0.4027 0.0156 0.0679
0 0.2331 0.4205 0.0150 0.0501
0 0.2537 0.4182 0.0213 0.0545
0 0.2869 0.4249 0.0100 0.0412
0 0.3019 0.4004 0.0156 0.0656
0 0.3125 0.4027 0.0100 0.0567
0 0.3262 0.4205 0.0156 0.0456
0 0.3481 0.4338 0.0106 0.0412
0 0.3488 0.5406 0.0344 0.0300
0 0.4037 0.3771 0.0294 0.1068
0 0.5219 0.5273 0.0463 0.0300
0 0.5244 0.4138 0.0294 0.0812
0 0.5331 0.4905 0.0281 0.0278
0 0.5400 0.7030 0.0637 0.0523
0 0.5869 0.4271 0.0406 0.0300
0 0.6169 0.5884 0.0738 0.0323
0 0.6294 0.5406 0.0575 0.0367
0 0.6394 0.4883 0.0131 0.0211
0 0.6925 0.4861 0.0294 0.0167
0 0.7244 0.4750 0.0344 0.0278
0 0.7294 0.5273 0.0450 0.0189
0 0.7488 0.4116 0.0112 0.0456
0 0.7575 0.5706 0.0575 0.0234
0 0.7625 0.6318 0.0594 0.0712
0 0.7781 0.4705 0.0181 0.0133
0 0.7881 0.4905 0.0181 0.0145
0 0.8063 0.4883 0.0219 0.0067
0 0.8150 0.4449 0.0169 0.0412
0 0.8163 0.5206 0.0413 0.0222
0 0.8269 0.4494 0.0175 0.0434
0 0.8625 0.4594 0.0181 0.0133
0 0.8769 0.6051 0.0444 0.0412
0 0.8794 0.4638 0.0256 0.0133
0 0.8919 0.4839 0.0281 0.0167
0 0.9113 0.4572 0.0375 0.0912
0 0.9231 0.4427 0.0088 0.0067
0 0.9294 0.4472 0.0419 0.0434
0 0.9444 0.4972 0.0312 0.0167
0 0.9663 0.4449 0.0319 0.0667
0 0.9806 0.5139 0.0188 0.0133
0 0.9844 0.4638 0.0150 0.0044
