0 0.2606 0.6311 0.1306 0.0726
0 0.0712 0.3774 0.0769 0.1198
0 0.1456 0.4160 0.0281 0.0557
0 0.1456 0.3585 0.0388 0.0849
0 0.2250 0.4415 0.0719 0.1274
0 0.2931 0.5226 0.0462 0.0519
0 0.3006 0.3679 0.0325 0.0887
0 0.3262 0.3585 0.0325 0.0943
0 0.3481 0.3679 0.0581 0.1236
0 0.4331 0.3387 0.0481 0.1255
0 0.4675 0.3292 0.0475 0.1387
0 0.5088 0.4396 0.0406 0.0792
0 0.5088 0.3330 0.0494 0.1217
0 0.5238 0.5170 0.0487 0.0755
0 0.5787 0.3698 0.0438 0.1123
0 0.6081 0.3925 0.0475 0.0604
0 0.6850 0.3330 0.0887 0.1660
0 0.7419 0.3755 0.0469 0.0925
0 0.7606 0.4255 0.0537 0.0953
0 0.7931 0.3717 0.0469 0.1000
0 0.7994 0.4764 0.0769 0.1075
0 0.8619 0.4179 0.0644 0.1123
0 0.9187 0.4491 0.0306 0.0387
0 0.9619 0.4991 0.0294 0.0142
