0 0.0550 0.3255 0.0638 0.0872
0 0.0769 0.4634 0.2456 0.5356
0 0.1294 0.3396 0.0319 0.0610
0 0.1700 0.3358 0.0294 0.0647
0 0.2056 0.3171 0.0413 0.1173
0 0.2881 0.3236 0.0475 0.1295
0 0.2894 0.5131 0.1406 0.4859
0 0.3625 0.3677 0.0206 0.0103
0 0.4481 0.6266 0.1925 0.3480
0 0.4844 0.3677 0.0150 0.0103
0 0.5369 0.5131 0.1238 0.4765
0 0.5419 0.3621 0.0112 0.0122
0 0.6325 0.3527 0.0244 0.0150
0 0.6594 0.3471 0.0169 0.0131
0 0.6725 0.4531 0.1125 0.4831
0 0.7137 0.3405 0.0212 0.0150
0 0.7362 0.3011 0.0131 0.0807
0 0.7775 0.3462 0.0294 0.0019
0 0.7919 0.3949 0.0331 0.0056
0 0.8175 0.3443 0.0212 0.0075
0 0.8619 0.3311 0.0169 0.0075
0 0.8838 0.3386 0.0075 0.0113
0 0.9200 0.3021 0.0062 0.0150
0 0.9350 0.3002 0.0094 0.0328
0 0.9681 0.3114 0.0031 0.0159
