0 0.0819 0.7591 0.0306 0.0225
0 0.1087 0.7798 0.0356 0.0347
0 0.1781 0.7357 0.0331 0.0309
0 0.3375 0.8266 0.0594 0.0478
0 0.3456 0.7132 0.0194 0.0244
0 0.3588 0.7413 0.0319 0.0272
0 0.3956 0.7976 0.0438 0.0440
0 0.4125 0.7591 0.0256 0.0225
0 0.4419 0.6973 0.0331 0.0403
0 0.4506 0.7685 0.0256 0.0253
0 0.4894 0.7516 0.0281 0.0187
0 0.5250 0.7207 0.0294 0.0169
0 0.5775 0.7901 0.0425 0.0169
0 0.6056 0.7413 0.0438 0.0178
0 0.6406 0.7666 0.0244 0.0150
0 0.7175 0.7357 0.0200 0.0122
0 0.7238 0.6607 0.0463 0.0253
0 0.7775 0.7432 0.0219 0.0122
0 0.7931 0.7741 0.0381 0.0234
0 0.8275 0.7226 0.0331 0.0131
0 0.8481 0.7170 0.0744 0.0440
0 0.9375 0.7113 0.0463 0.0440
0 0.9375 0.7516 0.0619 0.0403
