0 0.6525 0.6466 0.2200 0.0977
0 0.0000 0.7838 0.0875 0.1128
0 0.0000 0.6654 0.0950 0.1034
0 0.0000 0.6635 0.1125 0.0883
0 0.0762 0.7895 0.1713 0.1391
0 0.0950 0.6372 0.1350 0.0733
0 0.1062 0.7444 0.1912 0.1316
0 0.1425 0.6974 0.1500 0.0996
0 0.2025 0.6711 0.1412 0.0808
0 0.2537 0.6241 0.0750 0.0583
0 0.3450 0.6222 0.0950 0.0921
0 0.3937 0.6203 0.1237 0.0639
0 0.4350 0.6729 0.0788 0.0677
0 0.4437 0.6203 0.1475 0.0526
0 0.4863 0.6485 0.1263 0.0564
0 0.5125 0.6880 0.1250 0.0282
0 0.5800 0.6729 0.1088 0.0583
0 0.5813 0.7124 0.1412 0.0771
