0 0.0000 0.5873 0.0462 0.0447
0 0.0244 0.6133 0.0537 0.0332
0 0.0475 0.6133 0.0744 0.0245
0 0.0575 0.6320 0.0912 0.0317
0 0.0769 0.6436 0.0938 0.0361
0 0.1319 0.6580 0.1131 0.0563
0 0.1369 0.6349 0.0694 0.0447
0 0.2331 0.6667 0.0794 0.0866
0 0.2794 0.6551 0.0613 0.0895
0 0.2963 0.6407 0.0650 0.1183
0 0.3431 0.6522 0.0719 0.0794
0 0.3944 0.6551 0.0450 0.0981
0 0.4188 0.6753 0.0488 0.1573
0 0.4881 0.6551 0.0563 0.0924
0 0.5525 0.6465 0.0344 0.0592
0 0.5906 0.6465 0.1000 0.0736
0 0.6188 0.6234 0.0694 0.0289
0 0.6275 0.6407 0.0813 0.0505
0 0.6763 0.6017 0.0769 0.0245
0 0.6831 0.6291 0.0513 0.0173
0 0.7250 0.5873 0.0475 0.0202
0 0.7481 0.5700 0.0512 0.0173
0 0.7956 0.5671 0.0181 0.0173
