0 0.4356 0.6153 0.2956 0.1214
0 0.0000 0.1204 0.0169 0.1186
0 0.0519 0.1148 0.0456 0.1130
0 0.0963 0.1167 0.0375 0.0999
0 0.1656 0.1298 0.0219 0.0523
0 0.1862 0.1457 0.0550 0.0588
0 0.2037 0.1298 0.0231 0.0635
0 0.2475 0.1475 0.0306 0.0644
0 0.2888 0.1494 0.0244 0.0607
0 0.3063 0.1167 0.0312 0.0784
0 0.3231 0.1092 0.0513 0.1111
0 0.3425 0.1513 0.0319 0.0514
0 0.4119 0.1438 0.0419 0.0401
0 0.4644 0.1204 0.0231 0.0598
0 0.4831 0.1606 0.0350 0.0420
0 0.5269 0.1457 0.0181 0.0458
0 0.5644 0.0878 0.0431 0.1018
0 0.6025 0.1204 0.0256 0.0383
