0 0.7688 0.5673 0.0800 0.0847
0 0.0000 0.6303 0.0694 0.0310
0 0.1344 0.6105 0.0850 0.0235
0 0.2462 0.4685 0.0369 0.1119
0 0.2587 0.5513 0.0950 0.0611
0 0.3613 0.4374 0.0306 0.1562
0 0.4319 0.3490 0.0500 0.2907
0 0.4456 0.3123 0.0781 0.4120
0 0.4931 0.5052 0.0144 0.0790
0 0.5188 0.4741 0.0400 0.1214
0 0.5406 0.5861 0.0525 0.0188
0 0.5637 0.6143 0.0756 0.0386
0 0.5881 0.4628 0.0331 0.1308
0 0.6275 0.4647 0.0500 0.1176
0 0.6562 0.5898 0.0188 0.0075
0 0.6725 0.4102 0.0294 0.1834
0 0.6775 0.5720 0.0644 0.0386
0 0.7019 0.4337 0.0400 0.1580
0 0.7419 0.4854 0.0169 0.1044
0 0.7556 0.5014 0.0194 0.0922
0 0.7712 0.5456 0.0244 0.0423
0 0.7956 0.4412 0.0281 0.1449
0 0.7956 0.5823 0.0369 0.0207
0 0.8175 0.4280 0.0769 0.1637
0 0.8906 0.4779 0.0506 0.0978
0 0.9237 0.5710 0.0394 0.0320
0 0.9500 0.5174 0.0144 0.0593
0 0.9650 0.6021 0.0319 0.0254
0 0.9669 0.5343 0.0087 0.0527
0 0.9688 0.5851 0.0306 0.0226
0 0.9806 0.5635 0.0138 0.0235
