0 0.0725 0.1783 0.3325 0.5883
0 0.0500 0.6150 0.0531 0.0567
0 0.4031 0.6217 0.0194 0.0450
0 0.4075 0.6217 0.1388 0.0500
0 0.4369 0.6267 0.0169 0.0400
0 0.4575 0.6342 0.0087 0.0258
0 0.5156 0.6325 0.0125 0.0325
0 0.5563 0.6558 0.0519 0.0367
0 0.7025 0.6558 0.0256 0.0142
0 0.7037 0.6600 0.0169 0.0108
0 0.7606 0.6283 0.0169 0.0325
0 0.8131 0.6375 0.0144 0.0258
0 0.8175 0.6292 0.0088 0.0317
0 0.8725 0.6233 0.0387 0.0417
0 0.8819 0.6225 0.0038 0.0342
0 0.8988 0.6275 0.0144 0.0317
0 0.9581 0.6142 0.0306 0.0517
0 0.9656 0.6133 0.0131 0.0567
