0 0.9281 0.7261 0.0650 0.2054
0 0.2075 0.6763 0.0537 0.0394
0 0.2087 0.7054 0.0500 0.0602
0 0.2369 0.7324 0.0475 0.1266
0 0.2575 0.6224 0.0212 0.1183
0 0.2581 0.6826 0.0931 0.2448
0 0.2819 0.7116 0.0262 0.0705
0 0.2869 0.6826 0.0256 0.0539
0 0.3013 0.6120 0.0256 0.0851
0 0.3688 0.6203 0.0256 0.0602
0 0.4619 0.6266 0.0113 0.0415
0 0.4781 0.5996 0.0100 0.0311
0 0.4894 0.5954 0.0075 0.0207
0 0.5731 0.5373 0.0225 0.0498
0 0.5756 0.6909 0.2281 0.2759
0 0.7438 0.5830 0.0269 0.0270
0 0.8219 0.5747 0.0162 0.0228
0 0.8638 0.5705 0.0131 0.0311
0 0.9663 0.5996 0.0075 0.0353
0 0.9750 0.5954 0.0112 0.0394
