0 0.0859 0.8326 0.0937 0.0867
0 0.1358 0.4473 0.0180 0.0269
0 0.1593 0.4649 0.0078 0.0035
0 0.1655 0.4040 0.0273 0.0293
0 0.1827 0.4930 0.0336 0.0281
0 0.2084 0.8700 0.0336 0.0234
0 0.2646 0.3888 0.0141 0.0094
0 0.3271 0.4239 0.0148 0.0304
0 0.3591 0.4087 0.0383 0.0211
0 0.4145 0.4122 0.0219 0.0246
0 0.4262 0.4953 0.0383 0.0141
0 0.4286 0.3653 0.0320 0.0176
0 0.4504 0.4543 0.0258 0.0293
0 0.4543 0.4274 0.0094 0.0094
0 0.4738 0.3970 0.0414 0.0187
0 0.4762 0.3138 0.0101 0.0070
0 0.4762 0.3443 0.0180 0.0094
0 0.5020 0.3290 0.0156 0.0094
0 0.5152 0.3759 0.0180 0.0152
0 0.5176 0.3560 0.0156 0.0176
0 0.5379 0.3138 0.0133 0.0094
0 0.5472 0.3326 0.0101 0.0082
0 0.5628 0.3372 0.0117 0.0070
0 0.5652 0.3150 0.0414 0.0281
0 0.5667 0.3407 0.0180 0.0152
0 0.5667 0.3934 0.0258 0.0035
0 0.5675 0.2927 0.0211 0.0117
0 0.6261 0.3829 0.0476 0.0258
0 0.6362 0.3314 0.0281 0.0129
0 0.6448 0.3384 0.0351 0.0211
0 0.6479 0.4098 0.0500 0.0293
0 0.6518 0.4391 0.0437 0.0211
0 0.6760 0.3618 0.0141 0.0082
0 0.6979 0.5398 0.0468 0.0422
0 0.7151 0.3232 0.0141 0.0059
0 0.7299 0.3794 0.0172 0.0035
0 0.7315 0.4063 0.0320 0.0199
0 0.7572 0.3536 0.0273 0.0141
0 0.7705 0.3080 0.0141 0.0129
0 0.8345 0.4649 0.0851 0.0457
0 0.8618 0.4040 0.0531 0.0328
0 0.8923 0.5211 0.0250 0.0152
0 0.9173 0.4918 0.0156 0.0059
