0 0.4371 0.8426 0.1543 0.0888
0 0.0000 0.8096 0.0614 0.0508
0 0.0529 0.6929 0.0657 0.0203
0 0.0814 0.6117 0.0314 0.0228
0 0.1186 0.7716 0.1143 0.0330
0 0.1471 0.8452 0.1400 0.0787
0 0.2114 0.7005 0.0600 0.0228
0 0.2514 0.6853 0.0800 0.0457
0 0.2557 0.8147 0.1486 0.0508
0 0.2729 0.8655 0.1257 0.0558
0 0.3529 0.7411 0.0957 0.0431
0 0.3771 0.7056 0.0557 0.0203
0 0.4871 0.7107 0.0771 0.0228
0 0.6671 0.7081 0.0643 0.0203
0 0.6929 0.8020 0.0786 0.0457
0 0.7329 0.7665 0.0429 0.0228
0 0.8000 0.7462 0.0914 0.0406
0 0.8014 0.7919 0.1229 0.0482
