0 0.0000 0.6800 0.0200 0.0967
0 0.0225 0.6558 0.1819 0.1158
0 0.2963 0.6250 0.0350 0.0350
0 0.3337 0.5525 0.1200 0.1033
0 0.4450 0.5667 0.0544 0.0450
0 0.4525 0.6150 0.0363 0.0242
0 0.4913 0.6100 0.0156 0.0117
0 0.4981 0.5908 0.0356 0.0275
0 0.5056 0.4758 0.0813 0.1100
0 0.5200 0.5808 0.0363 0.0158
0 0.5350 0.6208 0.1019 0.1067
0 0.6844 0.5975 0.3150 0.4017
0 0.7262 0.5675 0.0300 0.0092
0 0.7288 0.5817 0.0469 0.0375
0 0.7388 0.7392 0.0494 0.0567
0 0.7406 0.6317 0.0569 0.0375
0 0.7431 0.6108 0.0494 0.0158
0 0.7694 0.6642 0.1106 0.0533
