0 0.0000 0.8467 0.0231 0.0858
0 0.0000 0.3350 0.1613 0.0825
0 0.0000 0.3883 0.2281 0.0950
0 0.0744 0.4658 0.1475 0.1083
0 0.1544 0.5450 0.1413 0.0950
0 0.1819 0.4192 0.1069 0.0900
0 0.2562 0.9158 0.0250 0.0417
0 0.2619 0.6192 0.0400 0.0358
0 0.2750 0.9225 0.0206 0.0467
0 0.2956 0.5917 0.0306 0.0392
0 0.2981 0.9275 0.0531 0.0708
0 0.3137 0.6433 0.0294 0.0342
0 0.3200 0.6208 0.0400 0.0342
0 0.3356 0.9500 0.0319 0.0492
0 0.3456 0.6642 0.0275 0.0375
0 0.3575 0.6533 0.0306 0.0292
0 0.3650 0.9483 0.0325 0.0508
0 0.3831 0.9633 0.0287 0.0358
0 0.4106 0.9708 0.0281 0.0283
