0 0.0000 0.5467 0.1087 0.1208
0 0.0288 0.5492 0.1731 0.0842
0 0.1350 0.4850 0.0994 0.1450
0 0.1825 0.6083 0.3525 0.1308
0 0.1994 0.5542 0.0750 0.0758
0 0.2300 0.6133 0.2869 0.0500
0 0.2625 0.5692 0.0444 0.0400
0 0.2925 0.5575 0.0919 0.0517
0 0.2944 0.6083 0.1994 0.0433
0 0.3525 0.5967 0.1969 0.0583
0 0.4394 0.5833 0.1394 0.0483
0 0.4819 0.5683 0.0906 0.0133
0 0.7006 0.4800 0.0375 0.1292
0 0.7150 0.4767 0.0631 0.1925
0 0.7694 0.4175 0.0862 0.2533
0 0.8063 0.4608 0.1931 0.2325
0 0.8694 0.6300 0.1300 0.1108
