0 0.1156 0.8049 0.1150 0.1004
0 0.1963 0.8124 0.1075 0.0985
0 0.4188 0.7777 0.0963 0.0619
0 0.5150 0.8086 0.2588 0.0572
0 0.5319 0.7561 0.0575 0.0328
0 0.5650 0.7664 0.0681 0.0300
0 0.5906 0.7523 0.0575 0.0272
0 0.6625 0.7467 0.0656 0.0253
0 0.6844 0.7664 0.0794 0.0422
0 0.6969 0.7486 0.0569 0.0253
0 0.7538 0.7411 0.0369 0.0253
0 0.7806 0.7542 0.0306 0.0216
0 0.7856 0.7523 0.0194 0.0291
0 0.8456 0.7486 0.0269 0.0253
0 0.8469 0.7580 0.0575 0.0310
0 0.8725 0.7486 0.0244 0.0197
0 0.9187 0.7383 0.0306 0.0291
0 0.9469 0.7345 0.0187 0.0235
0 0.9506 0.7683 0.0487 0.0525
0 0.9644 0.7364 0.0350 0.0235
