0 0.3856 0.5792 0.1469 0.1058
0 0.3137 0.4175 0.0425 0.1375
0 0.3569 0.4450 0.0475 0.1092
0 0.3981 0.4167 0.0450 0.1258
0 0.4394 0.4150 0.0388 0.1333
0 0.4781 0.4050 0.0200 0.1417
0 0.4981 0.3583 0.0388 0.2192
0 0.5400 0.3558 0.0375 0.2117
0 0.5913 0.4008 0.0412 0.1667
0 0.6369 0.3800 0.0350 0.1700
0 0.6556 0.4025 0.0425 0.1433
0 0.7013 0.3025 0.0262 0.2383
0 0.7288 0.3717 0.0337 0.1725
0 0.7612 0.4208 0.0556 0.1200
0 0.8081 0.3833 0.0563 0.1483
0 0.8588 0.3433 0.0487 0.1950
0 0.8919 0.5200 0.0544 0.0308
0 0.9087 0.3783 0.0906 0.1833
