0 0.5931 0.6354 0.1294 0.1284
0 0.0319 0.6954 0.0663 0.1040
0 0.1994 0.7573 0.1375 0.0731
0 0.2625 0.7113 0.0600 0.0478
0 0.2881 0.7610 0.1356 0.0965
0 0.3044 0.6729 0.0669 0.0572
0 0.3688 0.6589 0.0806 0.0731
0 0.4163 0.5520 0.0513 0.1209
0 0.4581 0.6860 0.0594 0.0478
0 0.4606 0.6289 0.0500 0.0478
0 0.5144 0.6673 0.0569 0.0665
0 0.5188 0.5961 0.0162 0.0094
0 0.7119 0.6092 0.0619 0.0197
0 0.7312 0.5801 0.0356 0.0197
0 0.7481 0.6167 0.0525 0.0309
0 0.7850 0.6204 0.0487 0.0234
0 0.7994 0.6617 0.1050 0.0440
0 0.8275 0.6364 0.0687 0.0272
0 0.8450 0.6129 0.0719 0.0216
0 0.8519 0.5801 0.0612 0.0234
0 0.9531 0.5867 0.0281 0.0131
