0 0.4300 0.1039 0.4600 0.6255
0 0.0000 0.0459 0.0306 0.0234
0 0.0000 0.0843 0.0456 0.0449
0 0.0000 0.1386 0.0831 0.1152
0 0.0381 0.0562 0.0362 0.0169
0 0.0744 0.0000 0.3688 0.4841
0 0.0844 0.1002 0.0669 0.0290
0 0.0969 0.0478 0.0287 0.0140
0 0.1200 0.0524 0.0338 0.0262
0 0.1537 0.0693 0.0550 0.0290
0 0.1794 0.0384 0.0219 0.0234
0 0.1931 0.0524 0.0219 0.0243
0 0.2250 0.0637 0.0462 0.0365
0 0.2712 0.1189 0.0781 0.0403
0 0.3444 0.0543 0.0513 0.0262
0 0.3531 0.0749 0.0512 0.0346
0 0.4044 0.0459 0.0500 0.0403
0 0.4238 0.0824 0.0450 0.0253
0 0.4319 0.1461 0.0969 0.0571
0 0.4869 0.0693 0.0512 0.0253
0 0.5044 0.1517 0.0694 0.0496
0 0.5200 0.0543 0.0331 0.0281
0 0.5650 0.0927 0.0663 0.0459
0 0.5881 0.1713 0.0794 0.0459
0 0.6125 0.0543 0.0281 0.0243
0 0.6138 0.1938 0.0713 0.0459
0 0.6919 0.0805 0.0500 0.0272
0 0.6956 0.1610 0.0844 0.0927
0 0.7019 0.0496 0.0294 0.0309
0 0.7419 0.0581 0.0356 0.0346
0 0.7594 0.1695 0.0962 0.1011
0 0.7850 0.0749 0.0400 0.0272
0 0.8131 0.0000 0.1294 0.1695
0 0.8912 0.1208 0.1081 0.1938
0 0.9225 0.0693 0.0475 0.0309
