0 0.7144 0.8375 0.1225 0.1075
0 0.0000 0.5167 0.0094 0.0325
0 0.0000 0.4175 0.0106 0.0117
0 0.0000 0.6525 0.0350 0.0375
0 0.0000 0.5475 0.0425 0.0325
0 0.0000 0.7475 0.0425 0.0842
0 0.0025 0.3983 0.0362 0.0175
0 0.0469 0.4925 0.0319 0.0292
0 0.0544 0.8175 0.1056 0.1158
0 0.0556 0.4242 0.0219 0.0175
0 0.0688 0.4367 0.0375 0.0117
0 0.0931 0.4142 0.0181 0.0100
0 0.1037 0.4158 0.0194 0.0133
0 0.1256 0.4783 0.0438 0.0225
0 0.1525 0.6125 0.0519 0.0658
0 0.1537 0.5367 0.0413 0.0283
0 0.1537 0.4925 0.0481 0.0325
0 0.1562 0.4292 0.0262 0.0125
0 0.1769 0.4225 0.0169 0.0067
0 0.1938 0.4367 0.0169 0.0117
0 0.2144 0.5592 0.0425 0.0400
0 0.2156 0.4125 0.0181 0.0150
0 0.2456 0.4750 0.0400 0.0158
0 0.2469 0.5217 0.0737 0.0292
0 0.2544 0.3983 0.0056 0.0100
0 0.2544 0.4308 0.0300 0.0192
0 0.2612 0.3967 0.0150 0.0142
0 0.2737 0.4175 0.0219 0.0150
0 0.2894 0.4242 0.0181 0.0142
0 0.2894 0.6317 0.0663 0.0742
0 0.3038 0.4650 0.0375 0.0167
0 0.3125 0.4033 0.0156 0.0175
0 0.3256 0.5592 0.0569 0.0500
0 0.3412 0.5233 0.0400 0.0417
0 0.3450 0.5075 0.0594 0.0258
0 0.3488 0.3967 0.0287 0.0158
0 0.3762 0.4275 0.0219 0.0192
0 0.3875 0.4733 0.0469 0.0208
0 0.4081 0.3950 0.0312 0.0192
0 0.4106 0.5392 0.0469 0.0600
0 0.4200 0.4258 0.0206 0.0108
0 0.4481 0.4108 0.0219 0.0167
0 0.4537 0.3950 0.0194 0.0133
0 0.4625 0.4833 0.0581 0.0208
0 0.4637 0.5317 0.0413 0.0158
0 0.4925 0.6367 0.0744 0.0433
0 0.4950 0.4992 0.0513 0.0258
0 0.5119 0.5350 0.0463 0.0350
0 0.5131 0.4192 0.0169 0.0175
0 0.5231 0.4850 0.0275 0.0108
0 0.5375 0.5200 0.0413 0.0242
0 0.5425 0.4142 0.0169 0.0183
0 0.5450 0.4050 0.0106 0.0125
0 0.5606 0.4108 0.0256 0.0183
0 0.5713 0.6575 0.0594 0.0550
0 0.5775 0.5025 0.0375 0.0367
0 0.5994 0.4000 0.0106 0.0175
0 0.6150 0.5925 0.0463 0.0408
0 0.6344 0.3933 0.0131 0.0192
0 0.6344 0.6183 0.0544 0.0517
0 0.6488 0.4017 0.0169 0.0158
0 0.6681 0.3933 0.0231 0.0150
0 0.6900 0.4142 0.0169 0.0100
0 0.6987 0.3867 0.0144 0.0133
0 0.7219 0.5625 0.0469 0.0333
0 0.7262 0.4067 0.0100 0.0175
0 0.7338 0.5992 0.0725 0.0550
0 0.7800 0.4033 0.0225 0.0192
0 0.7944 0.6783 0.1187 0.0583
0 0.8125 0.3883 0.0131 0.0133
0 0.8425 0.3950 0.0244 0.0192
0 0.9031 0.3950 0.0169 0.0192
0 0.9094 0.6333 0.0469 0.0350
0 0.9156 0.8125 0.0837 0.0792
0 0.9831 0.3917 0.0075 0.0150
