0 0.0912 0.6425 0.0325 0.0325
0 0.1169 0.6992 0.0375 0.0158
0 0.1431 0.6183 0.1781 0.0500
0 0.1650 0.6508 0.0375 0.0242
0 0.2050 0.7050 0.0363 0.0250
0 0.2331 0.6800 0.0263 0.0158
0 0.2644 0.6650 0.0256 0.0150
0 0.2875 0.6783 0.0250 0.0192
0 0.3006 0.6025 0.0450 0.0367
0 0.3262 0.6425 0.0312 0.0225
0 0.3300 0.6800 0.0181 0.0208
0 0.3550 0.5700 0.0463 0.0825
0 0.3588 0.6442 0.0219 0.0208
0 0.3613 0.6817 0.0256 0.0175
0 0.3844 0.5892 0.0400 0.0308
0 0.3869 0.6850 0.0225 0.0142
0 0.3962 0.6425 0.0325 0.0225
0 0.4106 0.6025 0.0356 0.0367
0 0.4231 0.6833 0.0263 0.0192
0 0.4256 0.6425 0.0338 0.0225
0 0.4288 0.5817 0.0219 0.0225
0 0.4350 0.6667 0.0244 0.0117
0 0.4462 0.6850 0.0194 0.0208
0 0.4556 0.5700 0.0231 0.0533
0 0.4644 0.6492 0.0225 0.0158
0 0.4775 0.5525 0.0244 0.0742
0 0.4813 0.6892 0.0275 0.0133
0 0.4981 0.6508 0.0219 0.0158
0 0.5044 0.5475 0.0312 0.0742
0 0.5125 0.6850 0.0206 0.0208
0 0.5175 0.6492 0.0206 0.0158
0 0.5281 0.6042 0.0256 0.0450
0 0.5613 0.6717 0.0206 0.0192
0 0.5613 0.6442 0.1425 0.0450
