0 0.0000 0.8574 0.0694 0.0910
0 0.0669 0.8846 0.0562 0.0638
0 0.1569 0.8940 0.0406 0.0385
0 0.1950 0.8809 0.0587 0.0478
0 0.2512 0.8734 0.0350 0.0610
0 0.3644 0.8940 0.0419 0.0291
0 0.3937 0.8677 0.0781 0.0553
0 0.4694 0.8846 0.0344 0.0347
0 0.5088 0.8827 0.0450 0.0366
0 0.5525 0.8921 0.0206 0.0291
0 0.5706 0.8884 0.0294 0.0310
0 0.5950 0.8574 0.0488 0.0657
0 0.6600 0.8799 0.0413 0.0469
0 0.7662 0.8612 0.0388 0.0610
0 0.7963 0.8771 0.0500 0.0478
0 0.8431 0.8884 0.0769 0.0366
0 0.9356 0.7730 0.0637 0.1454
