0 0.1219 0.1623 0.1906 0.7192
0 0.0000 0.5662 0.1144 0.0634
0 0.3256 0.6754 0.0488 0.0345
0 0.3438 0.7388 0.0625 0.0299
0 0.3688 0.6026 0.0181 0.0243
0 0.3781 0.4534 0.0538 0.2565
0 0.4050 0.6101 0.0100 0.0131
0 0.4363 0.5644 0.0562 0.0979
0 0.5075 0.5317 0.0131 0.0942
0 0.5306 0.5951 0.0131 0.0252
0 0.5644 0.5299 0.0212 0.0905
0 0.5988 0.5821 0.0088 0.0401
0 0.6012 0.6390 0.0256 0.0438
0 0.6844 0.5933 0.0131 0.0224
0 0.6963 0.5989 0.0187 0.0233
0 0.7194 0.6082 0.0125 0.0215
0 0.7344 0.6007 0.0206 0.0215
0 0.7381 0.4879 0.0350 0.2090
0 0.7394 0.5037 0.0244 0.1567
0 0.7538 0.6884 0.0331 0.0215
0 0.7881 0.6922 0.0338 0.0215
0 0.7881 0.7407 0.0425 0.0345
0 0.8344 0.4953 0.0400 0.1931
0 0.9456 0.6138 0.0194 0.0196
