0 0.0856 0.7477 0.2369 0.1107
0 0.0000 0.6032 0.1062 0.1041
0 0.0200 0.3893 0.0312 0.1886
0 0.0500 0.4916 0.0600 0.1004
0 0.0612 0.6304 0.1731 0.0863
0 0.0831 0.5704 0.1475 0.0675
0 0.1075 0.5066 0.0769 0.0563
0 0.2250 0.4841 0.1025 0.1210
0 0.2819 0.6304 0.0944 0.0516
0 0.3075 0.6745 0.3150 0.1632
0 0.3162 0.4859 0.1331 0.1248
0 0.3663 0.6069 0.1100 0.0535
0 0.3994 0.6304 0.0963 0.0685
0 0.4200 0.3208 0.0719 0.2280
0 0.4250 0.7570 0.2669 0.1482
0 0.4288 0.7439 0.1806 0.1126
0 0.4431 0.7627 0.3406 0.1520
0 0.4813 0.6360 0.0825 0.0366
0 0.5162 0.5797 0.0894 0.0582
0 0.5325 0.4278 0.0594 0.1351
0 0.5906 0.5084 0.0431 0.0366
0 0.6069 0.5206 0.0669 0.0366
0 0.6725 0.5394 0.0269 0.0441
0 0.6906 0.5413 0.0281 0.0366
0 0.7094 0.5356 0.0425 0.0422
0 0.7481 0.5319 0.0294 0.0441
0 0.7581 0.5319 0.1437 0.0882
0 0.7631 0.5685 0.0962 0.0553
0 0.8263 0.5131 0.0587 0.0244
0 0.8775 0.5066 0.0781 0.0310
0 0.8912 0.5375 0.0425 0.0769
0 0.9169 0.6567 0.0825 0.0947
0 0.9313 0.4878 0.0681 0.1154
